14
30
0 0 0 0 1 0 0 0 0 1 1 0 0 0 0 0 1 0 0 0 0 0 0 0 9 1 0 0 0 0 0 
9 1 0 0 1 0 0 1 0 0 1 0 1 0 1 4 1 0 1 0 1 1 1 1 1 1 1 1 1 1 0 
1 1 1 0 0 0 1 1 1 0 0 0 1 0 1 1 1 0 1 0 0 0 0 0 0 0 0 0 9 1 0 
0 0 0 0 1 0 0 0 1 1 0 1 1 1 1 0 0 0 0 0 1 1 1 1 1 1 1 1 1 1 0 
1 1 0 0 1 0 1 0 0 1 0 0 1 0 1 1 0 1 1 0 0 0 0 0 0 0 0 0 0 0 0 
0 1 0 1 1 0 1 0 1 1 1 0 1 0 0 0 0 0 0 0 1 1 0 1 1 1 0 1 1 1 0 
0 0 0 1 0 0 0 0 0 0 0 0 0 0 0 0 1 1 1 0 1 0 0 0 0 1 0 1 0 0 0 
0 1 1 1 0 1 1 0 1 0 0 1 0 0 1 0 1 9 1 1 1 0 1 0 0 0 0 0 0 1 0 
0 1 0 0 0 1 0 0 0 0 1 1 1 0 1 0 0 0 0 0 0 0 1 0 1 1 1 0 1 1 0 
0 0 0 1 1 1 0 1 1 0 0 1 0 0 1 0 1 1 0 1 1 1 1 0 0 0 1 0 0 1 0 
0 1 0 0 0 0 0 0 1 1 0 1 0 1 1 0 0 1 0 0 0 1 0 0 1 0 1 1 0 0 0 
0 1 1 0 0 1 1 0 0 1 0 0 0 0 0 0 1 1 1 1 0 1 1 1 1 0 0 0 0 1 0 
9 1 0 0 0 0 1 1 0 1 0 1 0 1 1 0 0 0 0 1 0 0 0 1 0 0 0 1 0 0 0 
1 1 0 1 0 1 1 0 0 0 0 1 1 1 0 0 0 1 0 1 0 1 0 1 1 1 1 1 0 1 0 
0 0 0 1 0 0 1 0 1 0 0 0 0 0 0 1 0 0 0 1 0 1 0 0 9 1 0 0 0 1 5 
true
true
